Epochs: 100
Batch: 128
Tempo de Treino: 556.5373545209567
Qtd. arquivos de treino: 26022
Qtd. arquivos de validação: 6505
Validação do modelo: [4.118043899536133, 0.5577248334884644]
Accuracy: [0.9396868035197258, 0.993851363658905, 0.38575053215026855]
Loss: [0.1565031299367547, 1.4888811111450195, 0.018225790932774544]
Val_accuracy: [0.5668378177285195, 0.5826287269592285, 0.4614911675453186]
Val_loss: [3.079817007780075, 4.118043899536133, 1.0905041694641113]
